92,36
36,120
36,119
36,118
36,117
36,116
36,115
36,114
36,113
36,112
36,111
92,35
70,2
10,15
70,1
70,0
69,5
69,4
69,3
10,193
10,283
10,2
69,2
69,1
69,0
68,4
68,3
11,5
68,2
11,8
68,1
68,0
67,3
11,25
11,18
67,2
67,1
11,12
67,0
66,5
66,4
11,14
66,3
11,30
66,2
66,1
66,0
65,5
65,4
65,3
11,27
65,2
65,1
65,0
64,7
64,6
64,5
64,4
64,3
64,2
9,5
64,1
64,0
63,6
63,5
63,4
63,3
63,2
63,1
63,0
62,5
62,4
62,3
8,5
8,16
8,15
8,13
62,2
62,1
62,0
61,3
61,2
61,1
61,0
60,4
60,3
60,2
60,1
60,0
59,9
59,8
59,7
59,6
59,5
59,4
59,3
59,2
59,1
59,0
57,4
57,3
57,2
57,1
57,0
56,4
56,3
56,2
56,1
56,0
55,5
55,4
55,3
55,2
55,1
55,0
54,4
54,3
54,1
38,9
38,1
37,8
37,3
37,1
36,110
36,109
36,108
36,107
36,106
36,105
36,104
36,103
36,102
36,101
36,100
20,3
20,2
20,1
19,3
19,2
19,1
14,6
12,1
12,3
12,2
11,29
11,22
11,21
11,11
11,1
11,4
11,3
11,2
